CAPUT ΠΙ. mn

,1111616166 1,9, 181 aguaria [1,111111611111611111 6161116111, 1, 6, 681
16111116 1611161 11116 sumundi 1161611111 1161161116 166616, 1, 9, 8. (11 11611
161616611666 661.), ,6661116 16 levi sonitu 611111161186161, 1, 19,
’11661166 ..1116661116 1111611111..1111161611 1161 incipit riprriri (61. 99,
6, ibique 661. 1666.),“1, 16, ir 1111 1166 6116616161166161161161161
6661, 1, 99, 11 buno opimi 661.. 6111616 spiramini· 1611116116 undiquc
1616611 subdu 11, 16, 811 66 consertarum 161116 indubitabili 11166 6611131-
161 (61. 1, l, 6.), 861. 1,,11161., ll. 6111 1161111661.. 1611166 lingua·
66611 666 61111661,1, 11, 91 ,1661611111 gregum .. 11611 61 adytis plerunque
pbibuuupbiao 1616166 16611611,1, 94, b: 6111 surm 1666 61116111 ρο-
666611666611616111,11 111, 16, l: ,111 u ...1116 angae imbibu-
1166 Virgilianae 6616616, 1,18,11 116 Graecarum 1116161611 ,1666-
11111116 61116. 1116 661661616616611661, 61 811. 11,6,11 1611116116-
116166111611 6116116616 61611611 661611, 11,9,91 61 116616 6161116111-
111611661661616 (61. ib. 1, 81 bibliothocae 6616111 66616166).

Etiam 111661111 inveniuntur 6,)61111616111616 666 ,1166111116 1,ιᾶ
1616661161 113161666 1611111 scriptore· 1161116 qurum, 61161166611616
uiis: 66116111 (0661111. 11, 11, 6.), 6111116116 (861. 111,1,1.),661ρ616116 (061661.
1, 14, 4.), 16661161611110611161. Ι, 16, 9.), 16616111 (0611161. 1, 19, 96, 811. 1,
16, 10.),16616116116(066116. l, 19, 10), paricidalis (811. 111, 16, 14), rm·

116116 (861. 111,16, 84), 1616166111 (861. 111, 16, 6.), 1116616111(066116.1,
99,8,11, 8, 19, 861. 111, 9, 4, 16, 8.), 61166111 (1111116611), 66-
611116 (861. 111, 16, 6.), 6611116111 (861. 111, 8, 6.), -· 11661161 mundum
(161161,6,11,1,11,11,1,16,11,11,1,116116,1,ι6,ιι,161,,.),
- inbibit: (61 omittam inconprehensibili· 1166611111616661111111161611151111·
111 1116, ,666 611616 6661 1611611661 1611111 1611116161 inveniuntur) iugabibir

(066111. 1, 6. §5 94, 81,88, 19, 91, 11, 9, 161 16,), - 16 6111 661161616
(comm. 1, 1, 6, ιι, ι, 11, 6, 11, 11, 16,), sumum· (comm. 1, 6. 11 6, 6,
18, 14, 1, 11, 9, 11, 8, 18, 11, 15, 811.111,14,10, 16,15.), 1661616 (066111.
1, 11, 19, 861. 111, 16, 16), - 16 firm.- frigorifiuu (861. 111, 19, 99,),161-
11716111 (ib. 9, 90), 6166111616 (ib. 16, 84), 1116111661611. 19, 80), - 16 16111161
,1661166161 (811111,16,4), 6116, 6661611116111616611, levigatur (811.
111, 19, 60, 16, 9.). 14116 6111661116 116361611 quadum 1111666
usurpantur, 6111111111 (1111. 661. 11066161.11,16,1.), 66116111 (111. 661.
61811. 1,1, 11,), 6616116611. 661. 61 811 1, 9, 6.), 6111611116 (111. 661. 611
061616. Lm, 6. Pro 6116111116 ponuntur 6111611161 1611611661 (0616111.
1, 8, 9, 811. 1, 6, 1.) 61 16116 (16 1111. 16, 8.), pru 66611616, 1611-
616611116166ς66111161 16616116 (861. 1, 6, 4.).

161116 1616116111 66161111611111161116116611 propriu 11666 111611 6611-
1661661616(861.111,11,9.), 1661616(οο1616. 1, 99, 1, 11, 11, 14, 861. 1,
16, 1.), 6166616616 (861. 1, 6,11, 11, 1, 8.), 1616161616 (811. 1, 18, 11,), 111-
161161116 (861. 111, 19, 40),6161616 (061161. 1, 19, 1,11, 14, 6, 16,10, 11,
18, 161111. 16, 18, 861111, 6, 6.), 1661111616 (111. 661. 61 comm. 1, 6,
6.), 6616 6116 66161 611 61111, 666111 praesertim, 666161611616, 1116161611
(861. 1, 19, 16, 90, 10, 1, 90, 6.), 1161616616 (061661. 1, 19, 19, 11, 16, 8.),
1116 116361111 quium vi usurpantur, 61 6116111616 punitur 'pru simplici
6616616. (061661. 11, 8, 8.), 161 pru eoquod 611 respondendo 6111111616 (861.
111, 8,18, 6, 14,·16,16.), 66661616 pro eoquod 611 procedere (061616. 1,
6, 49 (ubi 111. 661), 11, 19, 91, 10, 6199,1.), 61161616 pro eoquod 611
6611611611 reluminare (061616. 1, 90, 10, 11, 6, 1,1, 1 618, 18, 6, 11,
9 611, 16, 8,16,10, 11, 1,811. 1, 11,9, 18,1,10,11,11,1,8,111,1,

 

